A1-1,Easy-NYTimes,unsolved
ntrials: 866
nback: 260
time: 0.010720014572143555s
6,9,4,1,8,3,5,2,7
2,1,3,7,9,5,4,6,8
5,8,7,6,2,4,9,3,1
3,5,8,2,7,1,6,9,4
1,2,6,4,3,9,8,7,5
7,4,9,8,5,6,2,1,3
4,7,2,9,1,8,3,5,6
8,3,1,5,6,2,7,4,9
9,6,5,3,4,7,1,8,2


A1-1,Easy-NYTimes,unsolved
ntrials: 866
nback: 260
time: 0.011818885803222656s
6,9,4,1,8,3,5,2,7
2,1,3,7,9,5,4,6,8
5,8,7,6,2,4,9,3,1
3,5,8,2,7,1,6,9,4
1,2,6,4,3,9,8,7,5
7,4,9,8,5,6,2,1,3
4,7,2,9,1,8,3,5,6
8,3,1,5,6,2,7,4,9
9,6,5,3,4,7,1,8,2


A1-1,Easy-NYTimes,unsolved
ntrials: 866
nback: 260
time: 0.010345935821533203s
6,9,4,1,8,3,5,2,7
2,1,3,7,9,5,4,6,8
5,8,7,6,2,4,9,3,1
3,5,8,2,7,1,6,9,4
1,2,6,4,3,9,8,7,5
7,4,9,8,5,6,2,1,3
4,7,2,9,1,8,3,5,6
8,3,1,5,6,2,7,4,9
9,6,5,3,4,7,1,8,2


A1-1,Easy-NYTimes,unsolved
ntrials: 866
nback: 260
time: 0.013370275497436523s
6,9,4,1,8,3,5,2,7
2,1,3,7,9,5,4,6,8
5,8,7,6,2,4,9,3,1
3,5,8,2,7,1,6,9,4
1,2,6,4,3,9,8,7,5
7,4,9,8,5,6,2,1,3
4,7,2,9,1,8,3,5,6
8,3,1,5,6,2,7,4,9
9,6,5,3,4,7,1,8,2


A1-1,Easy-NYTimes,unsolved
ntrials: 836
nback: 250
time: 0.023419857025146484s
6,9,4,1,8,3,5,2,7
2,1,3,7,9,5,4,6,8
5,8,7,6,2,4,9,3,1
3,5,8,2,7,1,6,9,4
1,2,6,4,3,9,8,7,5
7,4,9,8,5,6,2,1,3
4,7,2,9,1,8,3,5,6
8,3,1,5,6,2,7,4,9
9,6,5,3,4,7,1,8,2


A1-1,Easy-NYTimes,unsolved
ntrials: 836
nback: 250
time: 0.016142845153808594s
6,9,4,1,8,3,5,2,7
2,1,3,7,9,5,4,6,8
5,8,7,6,2,4,9,3,1
3,5,8,2,7,1,6,9,4
1,2,6,4,3,9,8,7,5
7,4,9,8,5,6,2,1,3
4,7,2,9,1,8,3,5,6
8,3,1,5,6,2,7,4,9
9,6,5,3,4,7,1,8,2


A1-1,Easy-NYTimes,unsolved
ntrials: 836
nback: 250
time: 0.011840105056762695s
6,9,4,1,8,3,5,2,7
2,1,3,7,9,5,4,6,8
5,8,7,6,2,4,9,3,1
3,5,8,2,7,1,6,9,4
1,2,6,4,3,9,8,7,5
7,4,9,8,5,6,2,1,3
4,7,2,9,1,8,3,5,6
8,3,1,5,6,2,7,4,9
9,6,5,3,4,7,1,8,2


A1-1,Easy-NYTimes,unsolved
ntrials: 836
nback: 250
time: 0.011507987976074219s
6,9,4,1,8,3,5,2,7
2,1,3,7,9,5,4,6,8
5,8,7,6,2,4,9,3,1
3,5,8,2,7,1,6,9,4
1,2,6,4,3,9,8,7,5
7,4,9,8,5,6,2,1,3
4,7,2,9,1,8,3,5,6
8,3,1,5,6,2,7,4,9
9,6,5,3,4,7,1,8,2


A1-1,Easy-NYTimes,unsolved
ntrials: 866
nback: 260
time: 0.017185211181640625s
6,9,4,1,8,3,5,2,7
2,1,3,7,9,5,4,6,8
5,8,7,6,2,4,9,3,1
3,5,8,2,7,1,6,9,4
1,2,6,4,3,9,8,7,5
7,4,9,8,5,6,2,1,3
4,7,2,9,1,8,3,5,6
8,3,1,5,6,2,7,4,9
9,6,5,3,4,7,1,8,2


A1-1,Easy-NYTimes,unsolved
ntrials: 866
nback: 260
time: 0.0203399658203125s
6,9,4,1,8,3,5,2,7
2,1,3,7,9,5,4,6,8
5,8,7,6,2,4,9,3,1
3,5,8,2,7,1,6,9,4
1,2,6,4,3,9,8,7,5
7,4,9,8,5,6,2,1,3
4,7,2,9,1,8,3,5,6
8,3,1,5,6,2,7,4,9
9,6,5,3,4,7,1,8,2


A1-1,Easy-NYTimes,unsolved
ntrials: 866
nback: 260
time: 0.014088153839111328s
6,9,4,1,8,3,5,2,7
2,1,3,7,9,5,4,6,8
5,8,7,6,2,4,9,3,1
3,5,8,2,7,1,6,9,4
1,2,6,4,3,9,8,7,5
7,4,9,8,5,6,2,1,3
4,7,2,9,1,8,3,5,6
8,3,1,5,6,2,7,4,9
9,6,5,3,4,7,1,8,2


A1-1,Easy-NYTimes,unsolved
ntrials: 866
nback: 260
time: 0.014201164245605469s
6,9,4,1,8,3,5,2,7
2,1,3,7,9,5,4,6,8
5,8,7,6,2,4,9,3,1
3,5,8,2,7,1,6,9,4
1,2,6,4,3,9,8,7,5
7,4,9,8,5,6,2,1,3
4,7,2,9,1,8,3,5,6
8,3,1,5,6,2,7,4,9
9,6,5,3,4,7,1,8,2


A1-1,Easy-NYTimes,unsolved
ntrials: 866
nback: 260
time: 0.015292882919311523s
6,9,4,1,8,3,5,2,7
2,1,3,7,9,5,4,6,8
5,8,7,6,2,4,9,3,1
3,5,8,2,7,1,6,9,4
1,2,6,4,3,9,8,7,5
7,4,9,8,5,6,2,1,3
4,7,2,9,1,8,3,5,6
8,3,1,5,6,2,7,4,9
9,6,5,3,4,7,1,8,2


A1-1,Easy-NYTimes,unsolved
ntrials: 866
nback: 260
time: 0.014590024948120117s
6,9,4,1,8,3,5,2,7
2,1,3,7,9,5,4,6,8
5,8,7,6,2,4,9,3,1
3,5,8,2,7,1,6,9,4
1,2,6,4,3,9,8,7,5
7,4,9,8,5,6,2,1,3
4,7,2,9,1,8,3,5,6
8,3,1,5,6,2,7,4,9
9,6,5,3,4,7,1,8,2


A1-1,Easy-NYTimes,unsolved
ntrials: 866
nback: 260
time: 0.016618967056274414s
6,9,4,1,8,3,5,2,7
2,1,3,7,9,5,4,6,8
5,8,7,6,2,4,9,3,1
3,5,8,2,7,1,6,9,4
1,2,6,4,3,9,8,7,5
7,4,9,8,5,6,2,1,3
4,7,2,9,1,8,3,5,6
8,3,1,5,6,2,7,4,9
9,6,5,3,4,7,1,8,2


A1-1,Easy-NYTimes,unsolved
ntrials: 866
nback: 260
time: 0.016124963760375977s
6,9,4,1,8,3,5,2,7
2,1,3,7,9,5,4,6,8
5,8,7,6,2,4,9,3,1
3,5,8,2,7,1,6,9,4
1,2,6,4,3,9,8,7,5
7,4,9,8,5,6,2,1,3
4,7,2,9,1,8,3,5,6
8,3,1,5,6,2,7,4,9
9,6,5,3,4,7,1,8,2


A1-1,Easy-NYTimes,unsolved
ntrials: 866
nback: 260
time: 0.019414186477661133s
6,9,4,1,8,3,5,2,7
2,1,3,7,9,5,4,6,8
5,8,7,6,2,4,9,3,1
3,5,8,2,7,1,6,9,4
1,2,6,4,3,9,8,7,5
7,4,9,8,5,6,2,1,3
4,7,2,9,1,8,3,5,6
8,3,1,5,6,2,7,4,9
9,6,5,3,4,7,1,8,2


A1-1,Easy-NYTimes,unsolved
ntrials: 866
nback: 260
time: 0.01616501808166504s
6,9,4,1,8,3,5,2,7
2,1,3,7,9,5,4,6,8
5,8,7,6,2,4,9,3,1
3,5,8,2,7,1,6,9,4
1,2,6,4,3,9,8,7,5
7,4,9,8,5,6,2,1,3
4,7,2,9,1,8,3,5,6
8,3,1,5,6,2,7,4,9
9,6,5,3,4,7,1,8,2


A1-1,Easy-NYTimes,unsolved
ntrials: 866
nback: 260
time: 0.017129182815551758s
6,9,4,1,8,3,5,2,7
2,1,3,7,9,5,4,6,8
5,8,7,6,2,4,9,3,1
3,5,8,2,7,1,6,9,4
1,2,6,4,3,9,8,7,5
7,4,9,8,5,6,2,1,3
4,7,2,9,1,8,3,5,6
8,3,1,5,6,2,7,4,9
9,6,5,3,4,7,1,8,2


A1-1,Easy-NYTimes,unsolved
ntrials: 866
nback: 260
time: 0.014491081237792969s
6,9,4,1,8,3,5,2,7
2,1,3,7,9,5,4,6,8
5,8,7,6,2,4,9,3,1
3,5,8,2,7,1,6,9,4
1,2,6,4,3,9,8,7,5
7,4,9,8,5,6,2,1,3
4,7,2,9,1,8,3,5,6
8,3,1,5,6,2,7,4,9
9,6,5,3,4,7,1,8,2


A1-1,Easy-NYTimes,unsolved
ntrials: 866
nback: 260
time: 0.01721668243408203s
6,9,4,1,8,3,5,2,7
2,1,3,7,9,5,4,6,8
5,8,7,6,2,4,9,3,1
3,5,8,2,7,1,6,9,4
1,2,6,4,3,9,8,7,5
7,4,9,8,5,6,2,1,3
4,7,2,9,1,8,3,5,6
8,3,1,5,6,2,7,4,9
9,6,5,3,4,7,1,8,2


A1-1,Easy-NYTimes,unsolved
ntrials: 866
nback: 260
time: 0.02046513557434082s
6,9,4,1,8,3,5,2,7
2,1,3,7,9,5,4,6,8
5,8,7,6,2,4,9,3,1
3,5,8,2,7,1,6,9,4
1,2,6,4,3,9,8,7,5
7,4,9,8,5,6,2,1,3
4,7,2,9,1,8,3,5,6
8,3,1,5,6,2,7,4,9
9,6,5,3,4,7,1,8,2


A1-1,Easy-NYTimes,unsolved
ntrials: 866
nback: 260
time: 0.014451980590820312s
6,9,4,1,8,3,5,2,7
2,1,3,7,9,5,4,6,8
5,8,7,6,2,4,9,3,1
3,5,8,2,7,1,6,9,4
1,2,6,4,3,9,8,7,5
7,4,9,8,5,6,2,1,3
4,7,2,9,1,8,3,5,6
8,3,1,5,6,2,7,4,9
9,6,5,3,4,7,1,8,2


A1-1,Easy-NYTimes,unsolved
ntrials: 866
nback: 260
time: 0.016999244689941406s
6,9,4,1,8,3,5,2,7
2,1,3,7,9,5,4,6,8
5,8,7,6,2,4,9,3,1
3,5,8,2,7,1,6,9,4
1,2,6,4,3,9,8,7,5
7,4,9,8,5,6,2,1,3
4,7,2,9,1,8,3,5,6
8,3,1,5,6,2,7,4,9
9,6,5,3,4,7,1,8,2


A1-1,Easy-NYTimes,unsolved
ntrials: 866
nback: 260
time: 0.017059803009033203s
6,9,4,1,8,3,5,2,7
2,1,3,7,9,5,4,6,8
5,8,7,6,2,4,9,3,1
3,5,8,2,7,1,6,9,4
1,2,6,4,3,9,8,7,5
7,4,9,8,5,6,2,1,3
4,7,2,9,1,8,3,5,6
8,3,1,5,6,2,7,4,9
9,6,5,3,4,7,1,8,2


A1-1,Easy-NYTimes,unsolved
ntrials: 866
nback: 260
time: 0.015002250671386719s
6,9,4,1,8,3,5,2,7
2,1,3,7,9,5,4,6,8
5,8,7,6,2,4,9,3,1
3,5,8,2,7,1,6,9,4
1,2,6,4,3,9,8,7,5
7,4,9,8,5,6,2,1,3
4,7,2,9,1,8,3,5,6
8,3,1,5,6,2,7,4,9
9,6,5,3,4,7,1,8,2


A1-1,Easy-NYTimes,unsolved
ntrials: 866
nback: 260
time: 0.018792152404785156s
6,9,4,1,8,3,5,2,7
2,1,3,7,9,5,4,6,8
5,8,7,6,2,4,9,3,1
3,5,8,2,7,1,6,9,4
1,2,6,4,3,9,8,7,5
7,4,9,8,5,6,2,1,3
4,7,2,9,1,8,3,5,6
8,3,1,5,6,2,7,4,9
9,6,5,3,4,7,1,8,2


A1-1,Easy-NYTimes,unsolved
ntrials: 866
nback: 260
time: 0.01716899871826172s
6,9,4,1,8,3,5,2,7
2,1,3,7,9,5,4,6,8
5,8,7,6,2,4,9,3,1
3,5,8,2,7,1,6,9,4
1,2,6,4,3,9,8,7,5
7,4,9,8,5,6,2,1,3
4,7,2,9,1,8,3,5,6
8,3,1,5,6,2,7,4,9
9,6,5,3,4,7,1,8,2


A1-1,Easy-NYTimes,unsolved
ntrials: 866
nback: 260
time: 0.020993947982788086s
6,9,4,1,8,3,5,2,7
2,1,3,7,9,5,4,6,8
5,8,7,6,2,4,9,3,1
3,5,8,2,7,1,6,9,4
1,2,6,4,3,9,8,7,5
7,4,9,8,5,6,2,1,3
4,7,2,9,1,8,3,5,6
8,3,1,5,6,2,7,4,9
9,6,5,3,4,7,1,8,2


A1-1,Easy-NYTimes,unsolved
ntrials: 866
nback: 260
time: 0.024327754974365234s
6,9,4,1,8,3,5,2,7
2,1,3,7,9,5,4,6,8
5,8,7,6,2,4,9,3,1
3,5,8,2,7,1,6,9,4
1,2,6,4,3,9,8,7,5
7,4,9,8,5,6,2,1,3
4,7,2,9,1,8,3,5,6
8,3,1,5,6,2,7,4,9
9,6,5,3,4,7,1,8,2


A1-1,Easy-NYTimes,unsolved
ntrials: 866
nback: 260
time: 0.01678013801574707s
6,9,4,1,8,3,5,2,7
2,1,3,7,9,5,4,6,8
5,8,7,6,2,4,9,3,1
3,5,8,2,7,1,6,9,4
1,2,6,4,3,9,8,7,5
7,4,9,8,5,6,2,1,3
4,7,2,9,1,8,3,5,6
8,3,1,5,6,2,7,4,9
9,6,5,3,4,7,1,8,2


A1-1,Easy-NYTimes,unsolved
ntrials: 866
nback: 260
time: 0.019674062728881836s
6,9,4,1,8,3,5,2,7
2,1,3,7,9,5,4,6,8
5,8,7,6,2,4,9,3,1
3,5,8,2,7,1,6,9,4
1,2,6,4,3,9,8,7,5
7,4,9,8,5,6,2,1,3
4,7,2,9,1,8,3,5,6
8,3,1,5,6,2,7,4,9
9,6,5,3,4,7,1,8,2


A1-1,Easy-NYTimes,unsolved
ntrials: 866
nback: 260
time: 0.025477886199951172s
6,9,4,1,8,3,5,2,7
2,1,3,7,9,5,4,6,8
5,8,7,6,2,4,9,3,1
3,5,8,2,7,1,6,9,4
1,2,6,4,3,9,8,7,5
7,4,9,8,5,6,2,1,3
4,7,2,9,1,8,3,5,6
8,3,1,5,6,2,7,4,9
9,6,5,3,4,7,1,8,2


A1-1,Easy-NYTimes,unsolved
ntrials: 866
nback: 260
time: 0.014261007308959961s
6,9,4,1,8,3,5,2,7
2,1,3,7,9,5,4,6,8
5,8,7,6,2,4,9,3,1
3,5,8,2,7,1,6,9,4
1,2,6,4,3,9,8,7,5
7,4,9,8,5,6,2,1,3
4,7,2,9,1,8,3,5,6
8,3,1,5,6,2,7,4,9
9,6,5,3,4,7,1,8,2


A1-1,Easy-NYTimes,unsolved
ntrials: 866
nback: 260
time: 0.015781879425048828s
6,9,4,1,8,3,5,2,7
2,1,3,7,9,5,4,6,8
5,8,7,6,2,4,9,3,1
3,5,8,2,7,1,6,9,4
1,2,6,4,3,9,8,7,5
7,4,9,8,5,6,2,1,3
4,7,2,9,1,8,3,5,6
8,3,1,5,6,2,7,4,9
9,6,5,3,4,7,1,8,2


A1-1,Easy-NYTimes,unsolved
ntrials: 866
nback: 260
time: 0.014766216278076172s
6,9,4,1,8,3,5,2,7
2,1,3,7,9,5,4,6,8
5,8,7,6,2,4,9,3,1
3,5,8,2,7,1,6,9,4
1,2,6,4,3,9,8,7,5
7,4,9,8,5,6,2,1,3
4,7,2,9,1,8,3,5,6
8,3,1,5,6,2,7,4,9
9,6,5,3,4,7,1,8,2


A1-1,Easy-NYTimes,unsolved
ntrials: 866
nback: 260
time: 0.018124818801879883s
6,9,4,1,8,3,5,2,7
2,1,3,7,9,5,4,6,8
5,8,7,6,2,4,9,3,1
3,5,8,2,7,1,6,9,4
1,2,6,4,3,9,8,7,5
7,4,9,8,5,6,2,1,3
4,7,2,9,1,8,3,5,6
8,3,1,5,6,2,7,4,9
9,6,5,3,4,7,1,8,2


A1-1,Easy-NYTimes,unsolved
ntrials: 88416
nback: 0
time: 2.0963871479034424s
0,0,4,1,0,0,5,2,7
2,1,3,7,0,0,0,0,0
0,0,7,6,2,4,0,0,0
3,5,0,2,7,0,0,0,0
0,0,0,0,3,0,8,7,5
0,4,0,0,0,6,0,1,3
4,7,2,0,1,0,0,5,0
0,3,1,0,6,2,0,0,9
9,0,0,0,0,0,1,8,0


A1-1,Easy-NYTimes,unsolved
ntrials: 76
nback: 0
time: 0.016363859176635742s
0,0,8,8,0,0,9,9,8
8,8,3,8,0,0,0,0,0
0,0,8,3,8,3,0,0,0
8,8,0,8,8,0,0,0,0
0,0,0,0,9,0,2,9,2
0,8,0,0,0,8,0,1,2
8,8,8,0,8,0,0,3,0
0,8,8,0,8,8,0,0,9
9,0,0,0,0,0,1,8,0


A1-1,Easy-NYTimes,unsolved
ntrials: 76
nback: 0
time: 0.01593303680419922s
0,0,8,8,0,0,9,9,8
8,8,3,8,0,0,0,0,0
0,0,8,3,8,3,0,0,0
8,8,0,8,8,0,0,0,0
0,0,0,0,9,0,2,9,2
0,8,0,0,0,8,0,1,2
8,8,8,0,8,0,0,3,0
0,8,8,0,8,8,0,0,9
9,0,0,0,0,0,1,8,0


A1-1,Easy-NYTimes,unsolved
ntrials: 76
nback: 0
time: 0.011538982391357422s
0,0,8,8,0,0,9,9,8
8,8,3,8,0,0,0,0,0
0,0,8,3,8,3,0,0,0
8,8,0,8,8,0,0,0,0
0,0,0,0,9,0,2,9,2
0,8,0,0,0,8,0,1,2
8,8,8,0,8,0,0,3,0
0,8,8,0,8,8,0,0,9
9,0,0,0,0,0,1,8,0


A1-1,Easy-NYTimes,unsolved
ntrials: 76
nback: 0
time: 0.012228727340698242s
0,0,8,8,0,0,9,9,8
8,8,3,8,0,0,0,0,0
0,0,8,3,8,3,0,0,0
8,8,0,8,8,0,0,0,0
0,0,0,0,9,0,2,9,2
0,8,0,0,0,8,0,1,2
8,8,8,0,8,0,0,3,0
0,8,8,0,8,8,0,0,9
9,0,0,0,0,0,1,8,0


A1-1,Easy-NYTimes,unsolved
ntrials: 76
nback: 0
time: 0.012900114059448242s
0,0,8,8,0,0,9,9,8
8,8,3,8,0,0,0,0,0
0,0,8,3,8,3,0,0,0
8,8,0,8,8,0,0,0,0
0,0,0,0,9,0,2,9,2
0,8,0,0,0,8,0,1,2
8,8,8,0,8,0,0,3,0
0,8,8,0,8,8,0,0,9
9,0,0,0,0,0,1,8,0


A1-1,Easy-NYTimes,unsolved
ntrials: 76
nback: 0
time: 0.012356042861938477s
0,0,8,8,0,0,9,9,8
8,8,3,8,0,0,0,0,0
0,0,8,3,8,3,0,0,0
8,8,0,8,8,0,0,0,0
0,0,0,0,9,0,2,9,2
0,8,0,0,0,8,0,1,2
8,8,8,0,8,0,0,3,0
0,8,8,0,8,8,0,0,9
9,0,0,0,0,0,1,8,0


A1-1,Easy-NYTimes,unsolved
ntrials: 76
nback: 0
time: 0.013216018676757812s
0,0,8,8,0,0,9,9,8
8,8,3,8,0,0,0,0,0
0,0,8,3,8,3,0,0,0
8,8,0,8,8,0,0,0,0
0,0,0,0,9,0,2,9,2
0,8,0,0,0,8,0,1,2
8,8,8,0,8,0,0,3,0
0,8,8,0,8,8,0,0,9
9,0,0,0,0,0,1,8,0


A1-1,Easy-NYTimes,unsolved
ntrials: 76
nback: 0
time: 0.013175010681152344s
0,0,8,8,0,0,9,9,8
8,8,3,8,0,0,0,0,0
0,0,8,3,8,3,0,0,0
8,8,0,8,8,0,0,0,0
0,0,0,0,9,0,2,9,2
0,8,0,0,0,8,0,1,2
8,8,8,0,8,0,0,3,0
0,8,8,0,8,8,0,0,9
9,0,0,0,0,0,1,8,0


A1-1,Easy-NYTimes,unsolved
ntrials: 76
nback: 0
time: 0.011873960494995117s
0,0,8,8,0,0,9,9,8
8,8,3,8,0,0,0,0,0
0,0,8,3,8,3,0,0,0
8,8,0,8,8,0,0,0,0
0,0,0,0,9,0,2,9,2
0,8,0,0,0,8,0,1,2
8,8,8,0,8,0,0,3,0
0,8,8,0,8,8,0,0,9
9,0,0,0,0,0,1,8,0


A1-1,Easy-NYTimes,unsolved
ntrials: 76
nback: 0
time: 0.017421960830688477s
0,0,8,8,0,0,9,9,8
8,8,3,8,0,0,0,0,0
0,0,8,3,8,3,0,0,0
8,8,0,8,8,0,0,0,0
0,0,0,0,9,0,2,9,2
0,8,0,0,0,8,0,1,2
8,8,8,0,8,0,0,3,0
0,8,8,0,8,8,0,0,9
9,0,0,0,0,0,1,8,0


A1-1,Easy-NYTimes,unsolved
ntrials: 76
nback: 0
time: 0.012889862060546875s
0,0,8,8,0,0,9,9,8
8,8,3,8,0,0,0,0,0
0,0,8,3,8,3,0,0,0
8,8,0,8,8,0,0,0,0
0,0,0,0,9,0,2,9,2
0,8,0,0,0,8,0,1,2
8,8,8,0,8,0,0,3,0
0,8,8,0,8,8,0,0,9
9,0,0,0,0,0,1,8,0


A1-1,Easy-NYTimes,unsolved
ntrials: 76
nback: 0
time: 0.012681007385253906s
0,0,8,8,0,0,9,9,8
8,8,3,8,0,0,0,0,0
0,0,8,3,8,3,0,0,0
8,8,0,8,8,0,0,0,0
0,0,0,0,9,0,2,9,2
0,8,0,0,0,8,0,1,2
8,8,8,0,8,0,0,3,0
0,8,8,0,8,8,0,0,9
9,0,0,0,0,0,1,8,0


A1-1,Easy-NYTimes,unsolved
ntrials: 866
nback: 260
time: 0.018985986709594727s
6,9,4,1,8,3,5,2,7
2,1,3,7,9,5,4,6,8
5,8,7,6,2,4,9,3,1
3,5,8,2,7,1,6,9,4
1,2,6,4,3,9,8,7,5
7,4,9,8,5,6,2,1,3
4,7,2,9,1,8,3,5,6
8,3,1,5,6,2,7,4,9
9,6,5,3,4,7,1,8,2


A1-1,Easy-NYTimes,unsolved
ntrials: 866
nback: 260
time: 0.021328210830688477s
6,9,4,1,8,3,5,2,7
2,1,3,7,9,5,4,6,8
5,8,7,6,2,4,9,3,1
3,5,8,2,7,1,6,9,4
1,2,6,4,3,9,8,7,5
7,4,9,8,5,6,2,1,3
4,7,2,9,1,8,3,5,6
8,3,1,5,6,2,7,4,9
9,6,5,3,4,7,1,8,2


A1-1,Easy-NYTimes,unsolved
ntrials: 866
nback: 260
time: 0.016125917434692383s
6,9,4,1,8,3,5,2,7
2,1,3,7,9,5,4,6,8
5,8,7,6,2,4,9,3,1
3,5,8,2,7,1,6,9,4
1,2,6,4,3,9,8,7,5
7,4,9,8,5,6,2,1,3
4,7,2,9,1,8,3,5,6
8,3,1,5,6,2,7,4,9
9,6,5,3,4,7,1,8,2


A1-1,Easy-NYTimes,unsolved
ntrials: 866
nback: 260
time: 0.015887975692749023s
6,9,4,1,8,3,5,2,7
2,1,3,7,9,5,4,6,8
5,8,7,6,2,4,9,3,1
3,5,8,2,7,1,6,9,4
1,2,6,4,3,9,8,7,5
7,4,9,8,5,6,2,1,3
4,7,2,9,1,8,3,5,6
8,3,1,5,6,2,7,4,9
9,6,5,3,4,7,1,8,2


A1-1,Easy-NYTimes,unsolved
ntrials: 866
nback: 260
time: 0.016254901885986328s
6,9,4,1,8,3,5,2,7
2,1,3,7,9,5,4,6,8
5,8,7,6,2,4,9,3,1
3,5,8,2,7,1,6,9,4
1,2,6,4,3,9,8,7,5
7,4,9,8,5,6,2,1,3
4,7,2,9,1,8,3,5,6
8,3,1,5,6,2,7,4,9
9,6,5,3,4,7,1,8,2


A1-1,Easy-NYTimes,unsolved
ntrials: 866
nback: 260
time: 0.01499485969543457s
6,9,4,1,8,3,5,2,7
2,1,3,7,9,5,4,6,8
5,8,7,6,2,4,9,3,1
3,5,8,2,7,1,6,9,4
1,2,6,4,3,9,8,7,5
7,4,9,8,5,6,2,1,3
4,7,2,9,1,8,3,5,6
8,3,1,5,6,2,7,4,9
9,6,5,3,4,7,1,8,2


A1-1,Easy-NYTimes,unsolved
ntrials: 866
nback: 260
time: 0.01876091957092285s
6,9,4,1,8,3,5,2,7
2,1,3,7,9,5,4,6,8
5,8,7,6,2,4,9,3,1
3,5,8,2,7,1,6,9,4
1,2,6,4,3,9,8,7,5
7,4,9,8,5,6,2,1,3
4,7,2,9,1,8,3,5,6
8,3,1,5,6,2,7,4,9
9,6,5,3,4,7,1,8,2


A1-1,Easy-NYTimes,unsolved
ntrials: 866
nback: 260
time: 0.023014068603515625s
6,9,4,1,8,3,5,2,7
2,1,3,7,9,5,4,6,8
5,8,7,6,2,4,9,3,1
3,5,8,2,7,1,6,9,4
1,2,6,4,3,9,8,7,5
7,4,9,8,5,6,2,1,3
4,7,2,9,1,8,3,5,6
8,3,1,5,6,2,7,4,9
9,6,5,3,4,7,1,8,2


A1-1,Easy-NYTimes,unsolved
ntrials: 866
nback: 260
time: 0.014843940734863281s
6,9,4,1,8,3,5,2,7
2,1,3,7,9,5,4,6,8
5,8,7,6,2,4,9,3,1
3,5,8,2,7,1,6,9,4
1,2,6,4,3,9,8,7,5
7,4,9,8,5,6,2,1,3
4,7,2,9,1,8,3,5,6
8,3,1,5,6,2,7,4,9
9,6,5,3,4,7,1,8,2


A1-1,Easy-NYTimes,unsolved
ntrials: 866
nback: 260
time: 0.009713172912597656s
6,9,4,1,8,3,5,2,7
2,1,3,7,9,5,4,6,8
5,8,7,6,2,4,9,3,1
3,5,8,2,7,1,6,9,4
1,2,6,4,3,9,8,7,5
7,4,9,8,5,6,2,1,3
4,7,2,9,1,8,3,5,6
8,3,1,5,6,2,7,4,9
9,6,5,3,4,7,1,8,2


A1-1,Easy-NYTimes,unsolved
ntrials: 866
nback: 260
time: 0.01054072380065918s
6,9,4,1,8,3,5,2,7
2,1,3,7,9,5,4,6,8
5,8,7,6,2,4,9,3,1
3,5,8,2,7,1,6,9,4
1,2,6,4,3,9,8,7,5
7,4,9,8,5,6,2,1,3
4,7,2,9,1,8,3,5,6
8,3,1,5,6,2,7,4,9
9,6,5,3,4,7,1,8,2


A1-1,Easy-NYTimes,unsolved
ntrials: 866
nback: 260
time: 0.012377738952636719s
6,9,4,1,8,3,5,2,7
2,1,3,7,9,5,4,6,8
5,8,7,6,2,4,9,3,1
3,5,8,2,7,1,6,9,4
1,2,6,4,3,9,8,7,5
7,4,9,8,5,6,2,1,3
4,7,2,9,1,8,3,5,6
8,3,1,5,6,2,7,4,9
9,6,5,3,4,7,1,8,2


A1-1,Easy-NYTimes,unsolved
ntrials: 866
nback: 260
time: 0.010030269622802734s
6,9,4,1,8,3,5,2,7
2,1,3,7,9,5,4,6,8
5,8,7,6,2,4,9,3,1
3,5,8,2,7,1,6,9,4
1,2,6,4,3,9,8,7,5
7,4,9,8,5,6,2,1,3
4,7,2,9,1,8,3,5,6
8,3,1,5,6,2,7,4,9
9,6,5,3,4,7,1,8,2


A1-1,Easy-NYTimes,unsolved
ntrials: 866
nback: 260
time: 0.011657953262329102s
6,9,4,1,8,3,5,2,7
2,1,3,7,9,5,4,6,8
5,8,7,6,2,4,9,3,1
3,5,8,2,7,1,6,9,4
1,2,6,4,3,9,8,7,5
7,4,9,8,5,6,2,1,3
4,7,2,9,1,8,3,5,6
8,3,1,5,6,2,7,4,9
9,6,5,3,4,7,1,8,2


A1-1,Easy-NYTimes,unsolved
ntrials: 866
nback: 260
time: 0.009536027908325195s
6,9,4,1,8,3,5,2,7
2,1,3,7,9,5,4,6,8
5,8,7,6,2,4,9,3,1
3,5,8,2,7,1,6,9,4
1,2,6,4,3,9,8,7,5
7,4,9,8,5,6,2,1,3
4,7,2,9,1,8,3,5,6
8,3,1,5,6,2,7,4,9
9,6,5,3,4,7,1,8,2


A1-1,Easy-NYTimes,unsolved
ntrials: 866
nback: 260
time: 0.009540796279907227s
6,9,4,1,8,3,5,2,7
2,1,3,7,9,5,4,6,8
5,8,7,6,2,4,9,3,1
3,5,8,2,7,1,6,9,4
1,2,6,4,3,9,8,7,5
7,4,9,8,5,6,2,1,3
4,7,2,9,1,8,3,5,6
8,3,1,5,6,2,7,4,9
9,6,5,3,4,7,1,8,2


A1-1,Easy-NYTimes,unsolved
ntrials: 866
nback: 260
time: 0.009924888610839844s
6,9,4,1,8,3,5,2,7
2,1,3,7,9,5,4,6,8
5,8,7,6,2,4,9,3,1
3,5,8,2,7,1,6,9,4
1,2,6,4,3,9,8,7,5
7,4,9,8,5,6,2,1,3
4,7,2,9,1,8,3,5,6
8,3,1,5,6,2,7,4,9
9,6,5,3,4,7,1,8,2


A1-1,Easy-NYTimes,unsolved
ntrials: 866
nback: 260
time: 0.009486913681030273s
6,9,4,1,8,3,5,2,7
2,1,3,7,9,5,4,6,8
5,8,7,6,2,4,9,3,1
3,5,8,2,7,1,6,9,4
1,2,6,4,3,9,8,7,5
7,4,9,8,5,6,2,1,3
4,7,2,9,1,8,3,5,6
8,3,1,5,6,2,7,4,9
9,6,5,3,4,7,1,8,2


A1-1,Easy-NYTimes,unsolved
ntrials: 866
nback: 260
time: 0.010271072387695312s
6,9,4,1,8,3,5,2,7
2,1,3,7,9,5,4,6,8
5,8,7,6,2,4,9,3,1
3,5,8,2,7,1,6,9,4
1,2,6,4,3,9,8,7,5
7,4,9,8,5,6,2,1,3
4,7,2,9,1,8,3,5,6
8,3,1,5,6,2,7,4,9
9,6,5,3,4,7,1,8,2


A1-1,Easy-NYTimes,unsolved
ntrials: 866
nback: 260
time: 0.012035131454467773s
6,9,4,1,8,3,5,2,7
2,1,3,7,9,5,4,6,8
5,8,7,6,2,4,9,3,1
3,5,8,2,7,1,6,9,4
1,2,6,4,3,9,8,7,5
7,4,9,8,5,6,2,1,3
4,7,2,9,1,8,3,5,6
8,3,1,5,6,2,7,4,9
9,6,5,3,4,7,1,8,2


A1-1,Easy-NYTimes,unsolved
ntrials: 866
nback: 260
time: 0.01884317398071289s
6,9,4,1,8,3,5,2,7
2,1,3,7,9,5,4,6,8
5,8,7,6,2,4,9,3,1
3,5,8,2,7,1,6,9,4
1,2,6,4,3,9,8,7,5
7,4,9,8,5,6,2,1,3
4,7,2,9,1,8,3,5,6
8,3,1,5,6,2,7,4,9
9,6,5,3,4,7,1,8,2


A1-1,Easy-NYTimes,unsolved
ntrials: 866
nback: 260
time: 0.015959978103637695s
6,9,4,1,8,3,5,2,7
2,1,3,7,9,5,4,6,8
5,8,7,6,2,4,9,3,1
3,5,8,2,7,1,6,9,4
1,2,6,4,3,9,8,7,5
7,4,9,8,5,6,2,1,3
4,7,2,9,1,8,3,5,6
8,3,1,5,6,2,7,4,9
9,6,5,3,4,7,1,8,2


A1-1,Easy-NYTimes,unsolved
ntrials: 866
nback: 260
time: 0.009903907775878906s
6,9,4,1,8,3,5,2,7
2,1,3,7,9,5,4,6,8
5,8,7,6,2,4,9,3,1
3,5,8,2,7,1,6,9,4
1,2,6,4,3,9,8,7,5
7,4,9,8,5,6,2,1,3
4,7,2,9,1,8,3,5,6
8,3,1,5,6,2,7,4,9
9,6,5,3,4,7,1,8,2


A1-1,Easy-NYTimes,unsolved
ntrials: 866
nback: 260
time: 0.013798952102661133s
6,9,4,1,8,3,5,2,7
2,1,3,7,9,5,4,6,8
5,8,7,6,2,4,9,3,1
3,5,8,2,7,1,6,9,4
1,2,6,4,3,9,8,7,5
7,4,9,8,5,6,2,1,3
4,7,2,9,1,8,3,5,6
8,3,1,5,6,2,7,4,9
9,6,5,3,4,7,1,8,2


