A1-1,Easy-NYTimes,unsolved
ntrials: 861
nback: 263
time: 0.013339996337890625s
6,9,4,1,8,3,5,2,7
2,1,3,7,9,5,4,6,8
5,8,7,6,2,4,9,3,1
3,5,8,2,7,1,6,9,4
1,2,6,4,3,9,8,7,5
7,4,9,8,5,6,2,1,3
4,7,2,9,1,8,3,5,6
8,3,1,5,6,2,7,4,9
9,6,5,3,4,7,1,8,2


A2-1,Medium-NYTimes,unsolved
ntrials: 133518
nback: 44468
time: 1.3038058280944824s
2,5,4,6,9,7,8,3,1
6,8,3,2,5,1,7,4,9
9,7,1,4,8,3,5,6,2
7,6,8,5,3,9,2,1,4
4,2,5,1,6,8,3,9,7
3,1,9,7,4,2,6,5,8
1,3,6,8,7,4,9,2,5
5,4,7,9,2,6,1,8,3
8,9,2,3,1,5,4,7,6


A3-1,Hard-NYTimes,unsolved
ntrials: 35213
nback: 11699
time: 0.2949249744415283s
3,5,6,2,9,4,8,7,1
1,7,8,6,5,3,4,9,2
4,2,9,7,8,1,3,6,5
8,1,2,5,4,9,6,3,7
6,9,5,1,3,7,2,4,8
7,3,4,8,6,2,1,5,9
2,6,3,9,7,8,5,1,4
9,4,1,3,2,5,7,8,6
5,8,7,4,1,6,9,2,3


A4-1,WebSudoku-Hard,unsolved
ntrials: 115612
nback: 38502
time: 0.9206697940826416s
8,6,5,2,1,7,4,9,3
2,3,9,6,4,8,1,5,7
4,1,7,5,9,3,8,2,6
7,8,1,4,6,5,9,3,2
3,2,4,8,7,9,6,1,5
5,9,6,1,3,2,7,8,4
1,7,2,3,8,6,5,4,9
9,5,8,7,2,4,3,6,1
6,4,3,9,5,1,2,7,8


A5-1,WebSudoku-Evil,unsolved
ntrials: 20952
nback: 6948
time: 0.17424392700195312s
6,8,7,1,2,4,5,9,3
1,9,4,5,6,3,7,2,8
5,3,2,8,7,9,6,1,4
2,7,3,4,5,6,9,8,1
4,1,9,3,8,7,2,5,6
8,5,6,9,1,2,3,4,7
9,4,5,7,3,8,1,6,2
3,2,1,6,4,5,8,7,9
7,6,8,2,9,1,4,3,5


A6-1,hardest-sudoku-telegraph,unsolved
ntrials: 205920
nback: 68600
time: 1.6900789737701416s
8,1,2,7,5,3,6,4,9
9,4,3,6,8,2,1,7,5
6,7,5,4,9,1,2,8,3
1,5,4,2,3,7,8,9,6
3,6,9,8,4,5,7,2,1
2,8,7,1,6,9,5,3,4
5,2,1,9,7,4,3,6,8
4,3,8,5,2,6,9,1,7
7,9,6,3,1,8,4,5,2


A7-1,sudokugarden_100sudoku2-Nr-100,unsolved
ntrials: 7418672
nback: 2472848
time: 1m 3.0145130157470703s
8,5,9,2,4,7,1,3,6
2,4,3,6,9,1,5,7,8
1,7,6,5,3,8,9,4,2
7,3,5,4,1,2,6,8,9
4,1,2,9,8,6,7,5,3
6,9,8,3,7,5,2,1,4
3,6,7,8,5,9,4,2,1
9,8,1,7,2,4,3,6,5
5,2,4,1,6,3,8,9,7


A7-1,sudokugarden_100sudoku2-Nr-100,unsolved
ntrials: 7418672
nback: 2472848
time: 58.67790412902832s
8,5,9,2,4,7,1,3,6
2,4,3,6,9,1,5,7,8
1,7,6,5,3,8,9,4,2
7,3,5,4,1,2,6,8,9
4,1,2,9,8,6,7,5,3
6,9,8,3,7,5,2,1,4
3,6,7,8,5,9,4,2,1
9,8,1,7,2,4,3,6,5
5,2,4,1,6,3,8,9,7


A1-1,Easy-NYTimes,unsolved
ntrials: 861
nback: 263
time: 0.015112876892089844s
6,9,4,1,8,3,5,2,7
2,1,3,7,9,5,4,6,8
5,8,7,6,2,4,9,3,1
3,5,8,2,7,1,6,9,4
1,2,6,4,3,9,8,7,5
7,4,9,8,5,6,2,1,3
4,7,2,9,1,8,3,5,6
8,3,1,5,6,2,7,4,9
9,6,5,3,4,7,1,8,2


A1-1,Easy-NYTimes,unsolved
ntrials: 861
nback: 263
time: 0.012393951416015625s
6,9,4,1,8,3,5,2,7
2,1,3,7,9,5,4,6,8
5,8,7,6,2,4,9,3,1
3,5,8,2,7,1,6,9,4
1,2,6,4,3,9,8,7,5
7,4,9,8,5,6,2,1,3
4,7,2,9,1,8,3,5,6
8,3,1,5,6,2,7,4,9
9,6,5,3,4,7,1,8,2


A1-1,Easy-NYTimes,unsolved
ntrials: 861
nback: 263
time: 0.012056112289428711s
6,9,4,1,8,3,5,2,7
2,1,3,7,9,5,4,6,8
5,8,7,6,2,4,9,3,1
3,5,8,2,7,1,6,9,4
1,2,6,4,3,9,8,7,5
7,4,9,8,5,6,2,1,3
4,7,2,9,1,8,3,5,6
8,3,1,5,6,2,7,4,9
9,6,5,3,4,7,1,8,2


A2-1,Medium-NYTimes,unsolved
ntrials: 133518
nback: 44468
time: 1.0679099559783936s
2,5,4,6,9,7,8,3,1
6,8,3,2,5,1,7,4,9
9,7,1,4,8,3,5,6,2
7,6,8,5,3,9,2,1,4
4,2,5,1,6,8,3,9,7
3,1,9,7,4,2,6,5,8
1,3,6,8,7,4,9,2,5
5,4,7,9,2,6,1,8,3
8,9,2,3,1,5,4,7,6


A3-1,Hard-NYTimes,unsolved
ntrials: 35213
nback: 11699
time: 0.2790999412536621s
3,5,6,2,9,4,8,7,1
1,7,8,6,5,3,4,9,2
4,2,9,7,8,1,3,6,5
8,1,2,5,4,9,6,3,7
6,9,5,1,3,7,2,4,8
7,3,4,8,6,2,1,5,9
2,6,3,9,7,8,5,1,4
9,4,1,3,2,5,7,8,6
5,8,7,4,1,6,9,2,3


A4-1,WebSudoku-Hard,unsolved
ntrials: 115612
nback: 38502
time: 0.8986430168151855s
8,6,5,2,1,7,4,9,3
2,3,9,6,4,8,1,5,7
4,1,7,5,9,3,8,2,6
7,8,1,4,6,5,9,3,2
3,2,4,8,7,9,6,1,5
5,9,6,1,3,2,7,8,4
1,7,2,3,8,6,5,4,9
9,5,8,7,2,4,3,6,1
6,4,3,9,5,1,2,7,8


A5-1,WebSudoku-Evil,unsolved
ntrials: 20952
nback: 6948
time: 0.17595195770263672s
6,8,7,1,2,4,5,9,3
1,9,4,5,6,3,7,2,8
5,3,2,8,7,9,6,1,4
2,7,3,4,5,6,9,8,1
4,1,9,3,8,7,2,5,6
8,5,6,9,1,2,3,4,7
9,4,5,7,3,8,1,6,2
3,2,1,6,4,5,8,7,9
7,6,8,2,9,1,4,3,5


A6-1,hardest-sudoku-telegraph,unsolved
ntrials: 205920
nback: 68600
time: 1.5244898796081543s
8,1,2,7,5,3,6,4,9
9,4,3,6,8,2,1,7,5
6,7,5,4,9,1,2,8,3
1,5,4,2,3,7,8,9,6
3,6,9,8,4,5,7,2,1
2,8,7,1,6,9,5,3,4
5,2,1,9,7,4,3,6,8
4,3,8,5,2,6,9,1,7
7,9,6,3,1,8,4,5,2


A7-1,sudokugarden_100sudoku2-Nr-100,unsolved
ntrials: 7418672
nback: 2472848
time: 55.48713493347168s
8,5,9,2,4,7,1,3,6
2,4,3,6,9,1,5,7,8
1,7,6,5,3,8,9,4,2
7,3,5,4,1,2,6,8,9
4,1,2,9,8,6,7,5,3
6,9,8,3,7,5,2,1,4
3,6,7,8,5,9,4,2,1
9,8,1,7,2,4,3,6,5
5,2,4,1,6,3,8,9,7


A8-1,sudokugarden_100sudoku2-Nr-50,unsolved
ntrials: 64109381
nback: 21369751
time: 8m 10.991631031036377s
6,2,7,8,3,1,9,5,4
1,5,3,2,9,4,8,7,6
8,9,4,7,6,5,3,1,2
2,4,8,9,5,7,1,6,3
7,6,5,1,4,3,2,8,9
9,3,1,6,2,8,7,4,5
3,1,6,5,8,2,4,9,7
4,7,9,3,1,6,5,2,8
5,8,2,4,7,9,6,3,1


A2-1,Medium-NYTimes,unsolved
ntrials: 133518
nback: 44468
time: 0.9842820167541504s
2,5,4,6,9,7,8,3,1
6,8,3,2,5,1,7,4,9
9,7,1,4,8,3,5,6,2
7,6,8,5,3,9,2,1,4
4,2,5,1,6,8,3,9,7
3,1,9,7,4,2,6,5,8
1,3,6,8,7,4,9,2,5
5,4,7,9,2,6,1,8,3
8,9,2,3,1,5,4,7,6


A2-1,Medium-NYTimes,unsolved
ntrials: 133518
nback: 44468
time: 1.0512340068817139s
2,5,4,6,9,7,8,3,1
6,8,3,2,5,1,7,4,9
9,7,1,4,8,3,5,6,2
7,6,8,5,3,9,2,1,4
4,2,5,1,6,8,3,9,7
3,1,9,7,4,2,6,5,8
1,3,6,8,7,4,9,2,5
5,4,7,9,2,6,1,8,3
8,9,2,3,1,5,4,7,6


A2-1,Medium-NYTimes,unsolved
ntrials: 4344
nback: 1424
time: 0.22020673751831055s
2,4,1,6,7,3,5,9,8
6,3,8,2,5,1,7,4,9
5,7,9,4,8,9,2,3,1
7,6,2,8,3,5,9,1,4
4,8,5,1,6,2,3,7,9
3,1,9,7,4,9,6,5,8
1,2,6,3,9,6,8,2,5
7,5,3,9,2,4,1,8,7
8,9,4,5,1,3,4,6,2


A2-1,Medium-NYTimes,unsolved
ntrials: 14892
nback: 4940
time: 0.9973740577697754s
2,4,1,6,8,3,5,7,9
6,8,3,7,5,1,2,4,9
5,7,9,4,2,9,1,6,8
7,6,8,2,3,5,9,1,4
4,2,5,1,6,7,8,3,9
3,1,9,8,4,9,6,5,2
1,5,6,5,7,2,3,2,5
7,3,2,9,1,4,7,8,6
8,9,4,3,8,2,4,9,1


A1-1,Easy-NYTimes,unsolved
ntrials: 75
nback: 13
time: 0.014796972274780273s
6,8,4,1,9,3,5,2,7
2,1,3,7,5,8,4,6,9
5,9,7,6,2,4,3,8,1
3,5,8,2,7,1,6,4,8
1,2,6,9,3,9,8,7,5
7,4,9,5,8,6,2,1,3
4,7,2,8,1,5,9,5,3
8,3,1,4,6,2,7,9,9
9,6,5,3,8,7,1,8,2


A2-1,Medium-NYTimes,unsolved
ntrials: 14892
nback: 4940
time: 0.9680092334747314s
2,4,1,6,8,3,5,7,9
6,8,3,7,5,1,2,4,9
5,7,9,4,2,9,1,6,8
7,6,8,2,3,5,9,1,4
4,2,5,1,6,7,8,3,9
3,1,9,8,4,9,6,5,2
1,5,6,5,7,2,3,2,5
7,3,2,9,1,4,7,8,6
8,9,4,3,8,2,4,9,1


A3-1,Hard-NYTimes,unsolved
ntrials: 586
nback: 170
time: 0.055641889572143555s
2,3,6,1,9,4,8,7,5
1,7,5,2,8,3,4,9,6
4,8,9,7,6,5,3,1,5
7,2,3,5,1,9,6,4,8
6,9,8,4,3,1,2,5,7
5,1,4,6,8,2,1,3,9
3,5,2,9,7,8,7,6,3
8,4,7,3,2,5,9,8,1
9,6,1,8,4,6,5,4,2


A4-1,WebSudoku-Hard,unsolved
ntrials: 8055
nback: 2663
time: 0.6814510822296143s
1,6,5,3,2,7,4,9,8
2,8,4,6,9,3,1,5,7
3,7,9,5,4,8,8,2,1
7,4,1,2,6,5,9,3,8
5,2,7,4,7,9,6,1,2
8,9,6,1,3,1,7,5,4
6,3,2,9,8,6,5,8,3
9,5,8,7,1,4,3,6,2
4,1,3,8,5,2,1,7,9


A5-1,WebSudoku-Evil,unsolved
ntrials: 83208
nback: 27714
time: 6.087873220443726s
6,2,8,1,5,4,7,9,3
1,9,4,2,6,3,5,8,7
5,3,7,8,7,9,1,2,4
2,7,5,3,8,6,9,1,4
9,1,6,4,2,7,3,5,8
3,8,4,9,5,8,2,4,7
9,4,9,7,3,5,5,6,2
8,5,1,6,4,2,8,3,9
7,6,2,5,9,1,8,7,1


A6-1,hardest-sudoku-telegraph,unsolved
ntrials: 15021
nback: 4981
time: 1.1662249565124512s
8,1,2,3,5,4,6,7,9
9,4,3,6,7,2,8,5,1
5,7,6,8,9,1,2,4,3
6,5,4,9,8,7,1,2,3
1,3,9,2,4,5,7,8,6
7,2,8,1,6,3,5,3,9
2,8,1,4,3,8,9,6,8
4,6,8,5,2,9,3,1,7
3,9,5,7,6,8,4,9,2


A1-1,Easy-NYTimes,unsolved
ntrials: 60
nback: 8
time: 0.010669946670532227s
6,8,4,1,9,3,5,2,7
2,1,3,7,5,8,4,6,9
5,9,7,6,2,4,3,8,1
3,5,6,2,7,1,9,4,4
1,2,9,4,3,9,8,7,5
7,4,8,5,9,6,2,1,3
4,7,2,4,1,5,6,5,3
8,3,1,8,6,2,7,9,9
9,6,5,3,8,7,1,8,2


A2-1,Medium-NYTimes,unsolved
ntrials: 4344
nback: 1424
time: 0.21785593032836914s
2,4,1,6,7,3,5,9,8
6,3,8,2,5,1,7,4,9
5,7,9,4,8,9,2,3,1
7,6,2,8,3,5,9,1,4
4,8,5,1,6,2,3,7,9
3,1,9,7,4,9,6,5,8
1,2,6,3,9,6,8,2,5
7,5,3,9,2,4,1,8,7
8,9,4,5,1,3,4,6,2


A3-1,Hard-NYTimes,unsolved
ntrials: 710
nback: 212
time: 0.05502724647521973s
2,3,6,1,9,4,8,7,5
1,7,5,2,8,3,4,9,6
4,8,9,7,6,5,3,1,5
7,2,1,5,4,9,6,3,8
5,9,8,6,3,1,2,4,7
3,6,4,8,7,2,1,5,9
6,5,2,9,7,8,5,6,3
8,4,7,3,2,5,9,8,1
9,1,3,4,1,6,7,2,8


A4-1,WebSudoku-Hard,unsolved
ntrials: 1225
nback: 385
time: 0.08907699584960938s
1,6,5,2,3,7,4,9,8
2,3,9,6,4,8,1,5,7
4,7,8,5,9,1,8,2,3
7,1,4,8,6,5,9,3,2
3,2,1,4,7,9,6,1,5
8,9,6,1,2,2,7,8,4
5,8,2,3,5,6,3,4,8
9,5,8,7,1,4,2,6,3
6,4,3,9,8,3,5,7,1


A5-1,WebSudoku-Evil,unsolved
ntrials: 82380
nback: 27438
time: 5.997754096984863s
6,2,7,1,5,4,8,9,3
1,9,4,3,6,8,2,7,5
5,3,8,2,7,9,4,1,6
2,7,5,4,1,6,3,8,9
4,1,9,7,2,3,6,5,2
3,8,6,9,5,5,1,4,7
2,4,2,8,3,7,1,6,2
8,5,1,6,4,2,8,3,9
7,6,3,5,9,1,4,2,8


A6-1,hardest-sudoku-telegraph,unsolved
ntrials: 28626
nback: 9516
time: 1.9500298500061035s
8,1,2,3,5,4,6,7,9
9,4,3,6,7,1,8,5,2
5,7,6,8,9,2,2,4,1
6,5,4,9,8,7,1,2,3
1,3,9,2,4,5,7,8,6
2,8,7,1,6,3,5,3,9
7,2,1,4,3,8,9,6,8
4,6,8,5,2,9,3,1,7
3,9,5,7,6,8,4,9,4


