A1-1,Easy-NYTimes,unsolved
ntrials: 771
nback: 233
time: 0.012492895126342773s
6,9,4,1,8,3,5,2,7
2,1,3,7,9,5,4,6,8
5,8,7,6,2,4,9,3,1
3,5,8,2,7,1,6,9,4
1,2,6,4,3,9,8,7,5
7,4,9,8,5,6,2,1,3
4,7,2,9,1,8,3,5,6
8,3,1,5,6,2,7,4,9
9,6,5,3,4,7,1,8,2


A2-1,Medium-NYTimes,unsolved
ntrials: 83865
nback: 27917
time: 0.38494110107421875s
2,5,4,6,9,7,8,3,1
6,8,3,2,5,1,7,4,9
9,7,1,4,8,3,5,6,2
7,6,8,5,3,9,2,1,4
4,2,5,1,6,8,3,9,7
3,1,9,7,4,2,6,5,8
1,3,6,8,7,4,9,2,5
5,4,7,9,2,6,1,8,3
8,9,2,3,1,5,4,7,6


A3-1,Hard-NYTimes,unsolved
ntrials: 31964
nback: 10616
time: 0.14543628692626953s
3,5,6,2,9,4,8,7,1
1,7,8,6,5,3,4,9,2
4,2,9,7,8,1,3,6,5
8,1,2,5,4,9,6,3,7
6,9,5,1,3,7,2,4,8
7,3,4,8,6,2,1,5,9
2,6,3,9,7,8,5,1,4
9,4,1,3,2,5,7,8,6
5,8,7,4,1,6,9,2,3


A4-1,WebSudoku-Hard,unsolved
ntrials: 119254
nback: 39716
time: 0.5178771018981934s
8,6,5,2,1,7,4,9,3
2,3,9,6,4,8,1,5,7
4,1,7,5,9,3,8,2,6
7,8,1,4,6,5,9,3,2
3,2,4,8,7,9,6,1,5
5,9,6,1,3,2,7,8,4
1,7,2,3,8,6,5,4,9
9,5,8,7,2,4,3,6,1
6,4,3,9,5,1,2,7,8


A5-1,WebSudoku-Evil,unsolved
ntrials: 20970
nback: 6954
time: 0.11008810997009277s
6,8,7,1,2,4,5,9,3
1,9,4,5,6,3,7,2,8
5,3,2,8,7,9,6,1,4
2,7,3,4,5,6,9,8,1
4,1,9,3,8,7,2,5,6
8,5,6,9,1,2,3,4,7
9,4,5,7,3,8,1,6,2
3,2,1,6,4,5,8,7,9
7,6,8,2,9,1,4,3,5


A6-1,hardest-sudoku-telegraph,unsolved
ntrials: 148614
nback: 49498
time: 0.6715309619903564s
8,1,2,7,5,3,6,4,9
9,4,3,6,8,2,1,7,5
6,7,5,4,9,1,2,8,3
1,5,4,2,3,7,8,9,6
3,6,9,8,4,5,7,2,1
2,8,7,1,6,9,5,3,4
5,2,1,9,7,4,3,6,8
4,3,8,5,2,6,9,1,7
7,9,6,3,1,8,4,5,2


A1-1,Easy-NYTimes,unsolved
ntrials: 771
nback: 233
time: 0.014172792434692383s
6,9,4,1,8,3,5,2,7
2,1,3,7,9,5,4,6,8
5,8,7,6,2,4,9,3,1
3,5,8,2,7,1,6,9,4
1,2,6,4,3,9,8,7,5
7,4,9,8,5,6,2,1,3
4,7,2,9,1,8,3,5,6
8,3,1,5,6,2,7,4,9
9,6,5,3,4,7,1,8,2


A1-1,Easy-NYTimes,unsolved
ntrials: 771
nback: 233
time: 0.011919736862182617s
6,9,4,1,8,3,5,2,7
2,1,3,7,9,5,4,6,8
5,8,7,6,2,4,9,3,1
3,5,8,2,7,1,6,9,4
1,2,6,4,3,9,8,7,5
7,4,9,8,5,6,2,1,3
4,7,2,9,1,8,3,5,6
8,3,1,5,6,2,7,4,9
9,6,5,3,4,7,1,8,2


A2-1,Medium-NYTimes,unsolved
ntrials: 83865
nback: 27917
time: 0.3831968307495117s
2,5,4,6,9,7,8,3,1
6,8,3,2,5,1,7,4,9
9,7,1,4,8,3,5,6,2
7,6,8,5,3,9,2,1,4
4,2,5,1,6,8,3,9,7
3,1,9,7,4,2,6,5,8
1,3,6,8,7,4,9,2,5
5,4,7,9,2,6,1,8,3
8,9,2,3,1,5,4,7,6


A3-1,Hard-NYTimes,unsolved
ntrials: 31964
nback: 10616
time: 0.15018701553344727s
3,5,6,2,9,4,8,7,1
1,7,8,6,5,3,4,9,2
4,2,9,7,8,1,3,6,5
8,1,2,5,4,9,6,3,7
6,9,5,1,3,7,2,4,8
7,3,4,8,6,2,1,5,9
2,6,3,9,7,8,5,1,4
9,4,1,3,2,5,7,8,6
5,8,7,4,1,6,9,2,3


A4-1,WebSudoku-Hard,unsolved
ntrials: 119254
nback: 39716
time: 0.5367600917816162s
8,6,5,2,1,7,4,9,3
2,3,9,6,4,8,1,5,7
4,1,7,5,9,3,8,2,6
7,8,1,4,6,5,9,3,2
3,2,4,8,7,9,6,1,5
5,9,6,1,3,2,7,8,4
1,7,2,3,8,6,5,4,9
9,5,8,7,2,4,3,6,1
6,4,3,9,5,1,2,7,8


A5-1,WebSudoku-Evil,unsolved
ntrials: 20970
nback: 6954
time: 0.09690403938293457s
6,8,7,1,2,4,5,9,3
1,9,4,5,6,3,7,2,8
5,3,2,8,7,9,6,1,4
2,7,3,4,5,6,9,8,1
4,1,9,3,8,7,2,5,6
8,5,6,9,1,2,3,4,7
9,4,5,7,3,8,1,6,2
3,2,1,6,4,5,8,7,9
7,6,8,2,9,1,4,3,5


A6-1,hardest-sudoku-telegraph,unsolved
ntrials: 148614
nback: 49498
time: 0.6503660678863525s
8,1,2,7,5,3,6,4,9
9,4,3,6,8,2,1,7,5
6,7,5,4,9,1,2,8,3
1,5,4,2,3,7,8,9,6
3,6,9,8,4,5,7,2,1
2,8,7,1,6,9,5,3,4
5,2,1,9,7,4,3,6,8
4,3,8,5,2,6,9,1,7
7,9,6,3,1,8,4,5,2


A7-1,sudokugarden_100sudoku2-Nr-100,unsolved
ntrials: 7446335
nback: 2482069
time: 33.97218608856201s
8,5,9,2,4,7,1,3,6
2,4,3,6,9,1,5,7,8
1,7,6,5,3,8,9,4,2
7,3,5,4,1,2,6,8,9
4,1,2,9,8,6,7,5,3
6,9,8,3,7,5,2,1,4
3,6,7,8,5,9,4,2,1
9,8,1,7,2,4,3,6,5
5,2,4,1,6,3,8,9,7


A8-1,sudokugarden_100sudoku2-Nr-50,unsolved
ntrials: 57089744
nback: 19029872
time: 4m 23.083966970443726s
6,2,7,8,3,1,9,5,4
1,5,3,2,9,4,8,7,6
8,9,4,7,6,5,3,1,2
2,4,8,9,5,7,1,6,3
7,6,5,1,4,3,2,8,9
9,3,1,6,2,8,7,4,5
3,1,6,5,8,2,4,9,7
4,7,9,3,1,6,5,2,8
5,8,2,4,7,9,6,3,1


