A1-1,Easy-NYTimes,unsolved
ntrials: 771
nback: 233
time: 0.013666629791259766s
6,9,4,1,8,3,5,2,7
2,1,3,7,9,5,4,6,8
5,8,7,6,2,4,9,3,1
3,5,8,2,7,1,6,9,4
1,2,6,4,3,9,8,7,5
7,4,9,8,5,6,2,1,3
4,7,2,9,1,8,3,5,6
8,3,1,5,6,2,7,4,9
9,6,5,3,4,7,1,8,2


A2-1,Medium-NYTimes,unsolved
ntrials: 83865
nback: 27917
time: 0.9817821979522705s
2,5,4,6,9,7,8,3,1
6,8,3,2,5,1,7,4,9
9,7,1,4,8,3,5,6,2
7,6,8,5,3,9,2,1,4
4,2,5,1,6,8,3,9,7
3,1,9,7,4,2,6,5,8
1,3,6,8,7,4,9,2,5
5,4,7,9,2,6,1,8,3
8,9,2,3,1,5,4,7,6


A3-1,Hard-NYTimes,unsolved
ntrials: 31964
nback: 10616
time: 0.22322797775268555s
3,5,6,2,9,4,8,7,1
1,7,8,6,5,3,4,9,2
4,2,9,7,8,1,3,6,5
8,1,2,5,4,9,6,3,7
6,9,5,1,3,7,2,4,8
7,3,4,8,6,2,1,5,9
2,6,3,9,7,8,5,1,4
9,4,1,3,2,5,7,8,6
5,8,7,4,1,6,9,2,3


A3-1,Hard-NYTimes,unsolved
ntrials: 31964
nback: 10616
time: 0.22326898574829102s
3,5,6,2,9,4,8,7,1
1,7,8,6,5,3,4,9,2
4,2,9,7,8,1,3,6,5
8,1,2,5,4,9,6,3,7
6,9,5,1,3,7,2,4,8
7,3,4,8,6,2,1,5,9
2,6,3,9,7,8,5,1,4
9,4,1,3,2,5,7,8,6
5,8,7,4,1,6,9,2,3


A2-1,Medium-NYTimes,unsolved
ntrials: 83865
nback: 27917
time: 0.6331613063812256s
2,5,4,6,9,7,8,3,1
6,8,3,2,5,1,7,4,9
9,7,1,4,8,3,5,6,2
7,6,8,5,3,9,2,1,4
4,2,5,1,6,8,3,9,7
3,1,9,7,4,2,6,5,8
1,3,6,8,7,4,9,2,5
5,4,7,9,2,6,1,8,3
8,9,2,3,1,5,4,7,6


A1-1,Easy-NYTimes,unsolved
ntrials: 771
nback: 233
time: 0.016145944595336914s
6,9,4,1,8,3,5,2,7
2,1,3,7,9,5,4,6,8
5,8,7,6,2,4,9,3,1
3,5,8,2,7,1,6,9,4
1,2,6,4,3,9,8,7,5
7,4,9,8,5,6,2,1,3
4,7,2,9,1,8,3,5,6
8,3,1,5,6,2,7,4,9
9,6,5,3,4,7,1,8,2


A1-1,Easy-NYTimes,unsolved
ntrials: 771
nback: 233
time: 0.015290021896362305s
6,9,4,1,8,3,5,2,7
2,1,3,7,9,5,4,6,8
5,8,7,6,2,4,9,3,1
3,5,8,2,7,1,6,9,4
1,2,6,4,3,9,8,7,5
7,4,9,8,5,6,2,1,3
4,7,2,9,1,8,3,5,6
8,3,1,5,6,2,7,4,9
9,6,5,3,4,7,1,8,2


A1-1,Easy-NYTimes,unsolved
ntrials: 771
nback: 233
time: 0.013503074645996094s
6,9,4,1,8,3,5,2,7
2,1,3,7,9,5,4,6,8
5,8,7,6,2,4,9,3,1
3,5,8,2,7,1,6,9,4
1,2,6,4,3,9,8,7,5
7,4,9,8,5,6,2,1,3
4,7,2,9,1,8,3,5,6
8,3,1,5,6,2,7,4,9
9,6,5,3,4,7,1,8,2


A1-1,Easy-NYTimes,unsolved
ntrials: 771
nback: 233
time: 0.016850709915161133s
6,9,4,1,8,3,5,2,7
2,1,3,7,9,5,4,6,8
5,8,7,6,2,4,9,3,1
3,5,8,2,7,1,6,9,4
1,2,6,4,3,9,8,7,5
7,4,9,8,5,6,2,1,3
4,7,2,9,1,8,3,5,6
8,3,1,5,6,2,7,4,9
9,6,5,3,4,7,1,8,2


A1-1,Easy-NYTimes,unsolved
ntrials: 771
nback: 233
time: 0.013033151626586914s
6,9,4,1,8,3,5,2,7
2,1,3,7,9,5,4,6,8
5,8,7,6,2,4,9,3,1
3,5,8,2,7,1,6,9,4
1,2,6,4,3,9,8,7,5
7,4,9,8,5,6,2,1,3
4,7,2,9,1,8,3,5,6
8,3,1,5,6,2,7,4,9
9,6,5,3,4,7,1,8,2


A1-1,Easy-NYTimes,unsolved
ntrials: 771
nback: 233
time: 0.019288063049316406s
6,9,4,1,8,3,5,2,7
2,1,3,7,9,5,4,6,8
5,8,7,6,2,4,9,3,1
3,5,8,2,7,1,6,9,4
1,2,6,4,3,9,8,7,5
7,4,9,8,5,6,2,1,3
4,7,2,9,1,8,3,5,6
8,3,1,5,6,2,7,4,9
9,6,5,3,4,7,1,8,2


A2-1,Medium-NYTimes,unsolved
ntrials: 83865
nback: 27917
time: 0.575981855392456s
2,5,4,6,9,7,8,3,1
6,8,3,2,5,1,7,4,9
9,7,1,4,8,3,5,6,2
7,6,8,5,3,9,2,1,4
4,2,5,1,6,8,3,9,7
3,1,9,7,4,2,6,5,8
1,3,6,8,7,4,9,2,5
5,4,7,9,2,6,1,8,3
8,9,2,3,1,5,4,7,6


A2-1,Medium-NYTimes,unsolved
ntrials: 83865
nback: 27917
time: 0.5786659717559814s
2,5,4,6,9,7,8,3,1
6,8,3,2,5,1,7,4,9
9,7,1,4,8,3,5,6,2
7,6,8,5,3,9,2,1,4
4,2,5,1,6,8,3,9,7
3,1,9,7,4,2,6,5,8
1,3,6,8,7,4,9,2,5
5,4,7,9,2,6,1,8,3
8,9,2,3,1,5,4,7,6


A1-1,Easy-NYTimes,unsolved
ntrials: 771
nback: 233
time: 0.011509180068969727s
6,9,4,1,8,3,5,2,7
2,1,3,7,9,5,4,6,8
5,8,7,6,2,4,9,3,1
3,5,8,2,7,1,6,9,4
1,2,6,4,3,9,8,7,5
7,4,9,8,5,6,2,1,3
4,7,2,9,1,8,3,5,6
8,3,1,5,6,2,7,4,9
9,6,5,3,4,7,1,8,2


A1-1,Easy-NYTimes,unsolved
ntrials: 866
nback: 260
time: 0.013599872589111328s
6,9,4,1,8,3,5,2,7
2,1,3,7,9,5,4,6,8
5,8,7,6,2,4,9,3,1
3,5,8,2,7,1,6,9,4
1,2,6,4,3,9,8,7,5
7,4,9,8,5,6,2,1,3
4,7,2,9,1,8,3,5,6
8,3,1,5,6,2,7,4,9
9,6,5,3,4,7,1,8,2


