A1-1,Easy-NYTimes,unsolved
ntrials: 5896
nback: 1950
time: 0.3608529567718506s
6,9,4,1,8,3,5,2,7
2,1,3,7,9,5,4,6,8
5,8,7,6,2,4,9,3,1
3,5,8,2,7,1,6,4,2
1,2,6,9,3,4,8,7,5
7,4,9,5,4,6,9,1,3
4,7,2,8,1,9,3,5,4
5,3,1,4,6,2,6,9,9
9,6,5,2,5,8,1,8,6


A2-1,Medium-NYTimes,unsolved
ntrials: 52572
nback: 17500
time: 5.953197002410889s
2,4,1,6,8,9,3,7,5
6,8,3,7,5,1,2,4,9
5,7,9,3,2,4,1,6,8
7,6,8,2,3,5,9,1,4
4,2,5,1,6,7,8,3,9
3,1,9,8,4,9,6,5,2
1,3,6,4,7,8,5,2,5
9,5,2,9,1,3,7,8,3
8,9,4,5,9,2,4,9,1


A3-1,Hard-NYTimes,unsolved
ntrials: 542
nback: 156
time: 0.08635997772216797s
2,3,6,1,9,4,8,7,5
1,7,5,2,8,3,4,9,6
4,8,9,7,6,5,3,1,5
7,2,1,5,4,9,6,3,8
5,9,8,6,3,1,2,4,7
3,6,4,8,7,2,1,5,9
6,1,3,9,7,8,5,2,4
9,4,2,3,1,5,7,8,1
8,5,7,4,2,6,3,6,1


A4-1,WebSudoku-Hard,unsolved
ntrials: 5469
nback: 1801
time: 0.5284101963043213s
1,6,5,2,3,7,4,9,8
2,4,9,6,8,3,1,5,7
3,7,8,5,4,1,8,2,9
7,8,1,4,6,5,9,3,2
5,2,4,3,7,9,6,1,8
3,9,6,1,2,8,5,7,4
4,1,2,9,5,6,3,8,7
9,5,8,7,1,4,2,4,1
8,3,3,8,9,2,9,7,1


A5-1,WebSudoku-Evil,unsolved
ntrials: 80
nback: 4
time: 0.017910003662109375s
6,2,7,1,5,4,8,9,3
1,8,4,2,6,3,5,7,9
5,3,9,8,7,9,1,2,4
2,7,3,4,1,6,9,8,5
4,1,6,3,8,7,2,5,1
8,5,9,9,2,1,3,4,7
9,4,1,5,3,8,4,6,2
3,9,5,6,4,2,8,1,9
7,6,8,7,9,1,6,2,8


A6-1,hardest-sudoku-telegraph,unsolved
ntrials: 7776
nback: 2566
time: 0.9804599285125732s
8,1,2,3,5,4,6,7,9
9,4,3,6,1,2,8,5,7
5,7,6,8,9,7,2,4,1
3,5,4,9,8,7,1,2,6
1,6,9,2,4,5,7,8,3
2,8,7,1,6,3,5,3,9
4,2,1,7,3,9,9,6,8
7,3,8,5,2,6,3,1,5
6,9,5,4,7,8,4,9,1


A7-1,sudokugarden_100sudoku2-Nr-100,unsolved
[FAILED]


A8-1,sudokugarden_100sudoku2-Nr-50,unsolved]
[FAILED]
