A1-1,Easy-NYTimes,unsolved
nback: 260	ntrials: 866
time: 0.011538267135620117s
6,9,4,1,8,3,5,2,7
2,1,3,7,9,5,4,6,8
5,8,7,6,2,4,9,3,1
3,5,8,2,7,1,6,9,4
1,2,6,4,3,9,8,7,5
7,4,9,8,5,6,2,1,3
4,7,2,9,1,8,3,5,6
8,3,1,5,6,2,7,4,9
9,6,5,3,4,7,1,8,2


A2-1,Medium-NYTimes,unsolved
nback: 27917	ntrials: 83865
time: 0.4002189636230469s
2,5,4,6,9,7,8,3,1
6,8,3,2,5,1,7,4,9
9,7,1,4,8,3,5,6,2
7,6,8,5,3,9,2,1,4
4,2,5,1,6,8,3,9,7
3,1,9,7,4,2,6,5,8
1,3,6,8,7,4,9,2,5
5,4,7,9,2,6,1,8,3
8,9,2,3,1,5,4,7,6


A3-1,Hard-NYTimes,unsolved
nback: 10616	ntrials: 31964
time: 0.15087103843688965s
3,5,6,2,9,4,8,7,1
1,7,8,6,5,3,4,9,2
4,2,9,7,8,1,3,6,5
8,1,2,5,4,9,6,3,7
6,9,5,1,3,7,2,4,8
7,3,4,8,6,2,1,5,9
2,6,3,9,7,8,5,1,4
9,4,1,3,2,5,7,8,6
5,8,7,4,1,6,9,2,3


A4-1,WebSudoku-Hard,unsolved
nback: 39975	ntrials: 120033
time: 0.5423150062561035s
8,6,5,2,1,7,4,9,3
2,3,9,6,4,8,1,5,7
4,1,7,5,9,3,8,2,6
7,8,1,4,6,5,9,3,2
3,2,4,8,7,9,6,1,5
5,9,6,1,3,2,7,8,4
1,7,2,3,8,6,5,4,9
9,5,8,7,2,4,3,6,1
6,4,3,9,5,1,2,7,8


A5-1,WebSudoku-Evil,unsolved
nback: 6964	ntrials: 21002
time: 0.11338996887207031s
6,8,7,1,2,4,5,9,3
1,9,4,5,6,3,7,2,8
5,3,2,8,7,9,6,1,4
2,7,3,4,5,6,9,8,1
4,1,9,3,8,7,2,5,6
8,5,6,9,1,2,3,4,7
9,4,5,7,3,8,1,6,2
3,2,1,6,4,5,8,7,9
7,6,8,2,9,1,4,3,5


A6-1,hardest-sudoku-telegraph,unsolved
nback: 49498	ntrials: 148614
time: 0.7117829322814941s
8,1,2,7,5,3,6,4,9
9,4,3,6,8,2,1,7,5
6,7,5,4,9,1,2,8,3
1,5,4,2,3,7,8,9,6
3,6,9,8,4,5,7,2,1
2,8,7,1,6,9,5,3,4
5,2,1,9,7,4,3,6,8
4,3,8,5,2,6,9,1,7
7,9,6,3,1,8,4,5,2


A7-1,sudokugarden_100sudoku2-Nr-100,unsolved
nback: 2482069	ntrials: 7446335
time: 34.08611083030701s
8,5,9,2,4,7,1,3,6
2,4,3,6,9,1,5,7,8
1,7,6,5,3,8,9,4,2
7,3,5,4,1,2,6,8,9
4,1,2,9,8,6,7,5,3
6,9,8,3,7,5,2,1,4
3,6,7,8,5,9,4,2,1
9,8,1,7,2,4,3,6,5
5,2,4,1,6,3,8,9,7


A8-1,sudokugarden_100sudoku2-Nr-50,unsolved
nback: 19029872	ntrials: 57089744
time: 285.8355300426483s
6,2,7,8,3,1,9,5,4
1,5,3,2,9,4,8,7,6
8,9,4,7,6,5,3,1,2
2,4,8,9,5,7,1,6,3
7,6,5,1,4,3,2,8,9
9,3,1,6,2,8,7,4,5
3,1,6,5,8,2,4,9,7
4,7,9,3,1,6,5,2,8
5,8,2,4,7,9,6,3,1


A1-1,Easy-NYTimes,unsolved
nback: 260	ntrials: 866
time: 0.0m 0.009501218795776367s
6,9,4,1,8,3,5,2,7
2,1,3,7,9,5,4,6,8
5,8,7,6,2,4,9,3,1
3,5,8,2,7,1,6,9,4
1,2,6,4,3,9,8,7,5
7,4,9,8,5,6,2,1,3
4,7,2,9,1,8,3,5,6
8,3,1,5,6,2,7,4,9
9,6,5,3,4,7,1,8,2


A2-1,Medium-NYTimes,unsolved
nback: 27917	ntrials: 83865
time: 0.0m 0.3519442081451416s
2,5,4,6,9,7,8,3,1
6,8,3,2,5,1,7,4,9
9,7,1,4,8,3,5,6,2
7,6,8,5,3,9,2,1,4
4,2,5,1,6,8,3,9,7
3,1,9,7,4,2,6,5,8
1,3,6,8,7,4,9,2,5
5,4,7,9,2,6,1,8,3
8,9,2,3,1,5,4,7,6


A3-1,Hard-NYTimes,unsolved
nback: 10616	ntrials: 31964
time: 0.0m 0.14215707778930664s
3,5,6,2,9,4,8,7,1
1,7,8,6,5,3,4,9,2
4,2,9,7,8,1,3,6,5
8,1,2,5,4,9,6,3,7
6,9,5,1,3,7,2,4,8
7,3,4,8,6,2,1,5,9
2,6,3,9,7,8,5,1,4
9,4,1,3,2,5,7,8,6
5,8,7,4,1,6,9,2,3


A4-1,WebSudoku-Hard,unsolved
nback: 39975	ntrials: 120033
time: 0.0m 0.5183517932891846s
8,6,5,2,1,7,4,9,3
2,3,9,6,4,8,1,5,7
4,1,7,5,9,3,8,2,6
7,8,1,4,6,5,9,3,2
3,2,4,8,7,9,6,1,5
5,9,6,1,3,2,7,8,4
1,7,2,3,8,6,5,4,9
9,5,8,7,2,4,3,6,1
6,4,3,9,5,1,2,7,8


A5-1,WebSudoku-Evil,unsolved
nback: 6964	ntrials: 21002
time: 0.0m 0.10435891151428223s
6,8,7,1,2,4,5,9,3
1,9,4,5,6,3,7,2,8
5,3,2,8,7,9,6,1,4
2,7,3,4,5,6,9,8,1
4,1,9,3,8,7,2,5,6
8,5,6,9,1,2,3,4,7
9,4,5,7,3,8,1,6,2
3,2,1,6,4,5,8,7,9
7,6,8,2,9,1,4,3,5


A6-1,hardest-sudoku-telegraph,unsolved
nback: 49498	ntrials: 148614
time: 0.0m 0.6373939514160156s
8,1,2,7,5,3,6,4,9
9,4,3,6,8,2,1,7,5
6,7,5,4,9,1,2,8,3
1,5,4,2,3,7,8,9,6
3,6,9,8,4,5,7,2,1
2,8,7,1,6,9,5,3,4
5,2,1,9,7,4,3,6,8
4,3,8,5,2,6,9,1,7
7,9,6,3,1,8,4,5,2


A7-1,sudokugarden_100sudoku2-Nr-100,unsolved
nback: 2482069	ntrials: 7446335
time: 0.0m 32.70225524902344s
8,5,9,2,4,7,1,3,6
2,4,3,6,9,1,5,7,8
1,7,6,5,3,8,9,4,2
7,3,5,4,1,2,6,8,9
4,1,2,9,8,6,7,5,3
6,9,8,3,7,5,2,1,4
3,6,7,8,5,9,4,2,1
9,8,1,7,2,4,3,6,5
5,2,4,1,6,3,8,9,7


A8-1,sudokugarden_100sudoku2-Nr-50,unsolved
nback: 19029872	ntrials: 57089744
time: 4.0m 40.9323890209198s
6,2,7,8,3,1,9,5,4
1,5,3,2,9,4,8,7,6
8,9,4,7,6,5,3,1,2
2,4,8,9,5,7,1,6,3
7,6,5,1,4,3,2,8,9
9,3,1,6,2,8,7,4,5
3,1,6,5,8,2,4,9,7
4,7,9,3,1,6,5,2,8
5,8,2,4,7,9,6,3,1


A1-1,Easy-NYTimes,unsolved
nback: 260	ntrials: 866
time: 0.00997304916381836s
6,9,4,1,8,3,5,2,7
2,1,3,7,9,5,4,6,8
5,8,7,6,2,4,9,3,1
3,5,8,2,7,1,6,9,4
1,2,6,4,3,9,8,7,5
7,4,9,8,5,6,2,1,3
4,7,2,9,1,8,3,5,6
8,3,1,5,6,2,7,4,9
9,6,5,3,4,7,1,8,2


A2-1,Medium-NYTimes,unsolved
nback: 27917	ntrials: 83865
time: 0.3536362648010254s
2,5,4,6,9,7,8,3,1
6,8,3,2,5,1,7,4,9
9,7,1,4,8,3,5,6,2
7,6,8,5,3,9,2,1,4
4,2,5,1,6,8,3,9,7
3,1,9,7,4,2,6,5,8
1,3,6,8,7,4,9,2,5
5,4,7,9,2,6,1,8,3
8,9,2,3,1,5,4,7,6


A3-1,Hard-NYTimes,unsolved
nback: 10616	ntrials: 31964
time: 0.1410198211669922s
3,5,6,2,9,4,8,7,1
1,7,8,6,5,3,4,9,2
4,2,9,7,8,1,3,6,5
8,1,2,5,4,9,6,3,7
6,9,5,1,3,7,2,4,8
7,3,4,8,6,2,1,5,9
2,6,3,9,7,8,5,1,4
9,4,1,3,2,5,7,8,6
5,8,7,4,1,6,9,2,3


A4-1,WebSudoku-Hard,unsolved
nback: 39975	ntrials: 120033
time: 0.5250678062438965s
8,6,5,2,1,7,4,9,3
2,3,9,6,4,8,1,5,7
4,1,7,5,9,3,8,2,6
7,8,1,4,6,5,9,3,2
3,2,4,8,7,9,6,1,5
5,9,6,1,3,2,7,8,4
1,7,2,3,8,6,5,4,9
9,5,8,7,2,4,3,6,1
6,4,3,9,5,1,2,7,8


A5-1,WebSudoku-Evil,unsolved
nback: 6964	ntrials: 21002
time: 0.10210418701171875s
6,8,7,1,2,4,5,9,3
1,9,4,5,6,3,7,2,8
5,3,2,8,7,9,6,1,4
2,7,3,4,5,6,9,8,1
4,1,9,3,8,7,2,5,6
8,5,6,9,1,2,3,4,7
9,4,5,7,3,8,1,6,2
3,2,1,6,4,5,8,7,9
7,6,8,2,9,1,4,3,5


A6-1,hardest-sudoku-telegraph,unsolved
nback: 49498	ntrials: 148614
time: 0.6208240985870361s
8,1,2,7,5,3,6,4,9
9,4,3,6,8,2,1,7,5
6,7,5,4,9,1,2,8,3
1,5,4,2,3,7,8,9,6
3,6,9,8,4,5,7,2,1
2,8,7,1,6,9,5,3,4
5,2,1,9,7,4,3,6,8
4,3,8,5,2,6,9,1,7
7,9,6,3,1,8,4,5,2


A7-1,sudokugarden_100sudoku2-Nr-100,unsolved
nback: 2482069	ntrials: 7446335
time: 33.65770435333252s
8,5,9,2,4,7,1,3,6
2,4,3,6,9,1,5,7,8
1,7,6,5,3,8,9,4,2
7,3,5,4,1,2,6,8,9
4,1,2,9,8,6,7,5,3
6,9,8,3,7,5,2,1,4
3,6,7,8,5,9,4,2,1
9,8,1,7,2,4,3,6,5
5,2,4,1,6,3,8,9,7


A8-1,sudokugarden_100sudoku2-Nr-50,unsolved
nback: 19029872	ntrials: 57089744
time: 4m 5.63471794128418s
6,2,7,8,3,1,9,5,4
1,5,3,2,9,4,8,7,6
8,9,4,7,6,5,3,1,2
2,4,8,9,5,7,1,6,3
7,6,5,1,4,3,2,8,9
9,3,1,6,2,8,7,4,5
3,1,6,5,8,2,4,9,7
4,7,9,3,1,6,5,2,8
5,8,2,4,7,9,6,3,1


A1-1,Easy-NYTimes,unsolved
nback: 260	ntrials: 866
time: 0.009871721267700195s
6,9,4,1,8,3,5,2,7
2,1,3,7,9,5,4,6,8
5,8,7,6,2,4,9,3,1
3,5,8,2,7,1,6,9,4
1,2,6,4,3,9,8,7,5
7,4,9,8,5,6,2,1,3
4,7,2,9,1,8,3,5,6
8,3,1,5,6,2,7,4,9
9,6,5,3,4,7,1,8,2


A1-1,Easy-NYTimes,unsolved
nback: 260	ntrials: 866
time: 0.01137685775756836s
6,9,4,1,8,3,5,2,7
2,1,3,7,9,5,4,6,8
5,8,7,6,2,4,9,3,1
3,5,8,2,7,1,6,9,4
1,2,6,4,3,9,8,7,5
7,4,9,8,5,6,2,1,3
4,7,2,9,1,8,3,5,6
8,3,1,5,6,2,7,4,9
9,6,5,3,4,7,1,8,2


A1-1,Easy-NYTimes,unsolved
nback: 260	ntrials: 866
time: 0.009421110153198242s
6,9,4,1,8,3,5,2,7
2,1,3,7,9,5,4,6,8
5,8,7,6,2,4,9,3,1
3,5,8,2,7,1,6,9,4
1,2,6,4,3,9,8,7,5
7,4,9,8,5,6,2,1,3
4,7,2,9,1,8,3,5,6
8,3,1,5,6,2,7,4,9
9,6,5,3,4,7,1,8,2


A1-1,Easy-NYTimes,unsolved
nback: 260	ntrials: 866
time: 0.00821685791015625s
6,9,4,1,8,3,5,2,7
2,1,3,7,9,5,4,6,8
5,8,7,6,2,4,9,3,1
3,5,8,2,7,1,6,9,4
1,2,6,4,3,9,8,7,5
7,4,9,8,5,6,2,1,3
4,7,2,9,1,8,3,5,6
8,3,1,5,6,2,7,4,9
9,6,5,3,4,7,1,8,2


A1-1,Easy-NYTimes,unsolved
nback: 260	ntrials: 866
time: 0.0069828033447265625s
6,9,4,1,8,3,5,2,7
2,1,3,7,9,5,4,6,8
5,8,7,6,2,4,9,3,1
3,5,8,2,7,1,6,9,4
1,2,6,4,3,9,8,7,5
7,4,9,8,5,6,2,1,3
4,7,2,9,1,8,3,5,6
8,3,1,5,6,2,7,4,9
9,6,5,3,4,7,1,8,2


A1-1,Easy-NYTimes,unsolved
nback: 260	ntrials: 866
time: 0.03127598762512207s
6,9,4,1,8,3,5,2,7
2,1,3,7,9,5,4,6,8
5,8,7,6,2,4,9,3,1
3,5,8,2,7,1,6,9,4
1,2,6,4,3,9,8,7,5
7,4,9,8,5,6,2,1,3
4,7,2,9,1,8,3,5,6
8,3,1,5,6,2,7,4,9
9,6,5,3,4,7,1,8,2


A1-1,Easy-NYTimes,unsolved
nback: 260	ntrials: 866
time: 0.031076908111572266s
6,9,4,1,8,3,5,2,7
2,1,3,7,9,5,4,6,8
5,8,7,6,2,4,9,3,1
3,5,8,2,7,1,6,9,4
1,2,6,4,3,9,8,7,5
7,4,9,8,5,6,2,1,3
4,7,2,9,1,8,3,5,6
8,3,1,5,6,2,7,4,9
9,6,5,3,4,7,1,8,2


A1-1,Easy-NYTimes,unsolved
nback: 260	ntrials: 866
time: 0.026278972625732422s
6,9,4,1,8,3,5,2,7
2,1,3,7,9,5,4,6,8
5,8,7,6,2,4,9,3,1
3,5,8,2,7,1,6,9,4
1,2,6,4,3,9,8,7,5
7,4,9,8,5,6,2,1,3
4,7,2,9,1,8,3,5,6
8,3,1,5,6,2,7,4,9
9,6,5,3,4,7,1,8,2


A1-1,Easy-NYTimes,unsolved
nback: 260	ntrials: 866
time: 0.028033018112182617s
6,9,4,1,8,3,5,2,7
2,1,3,7,9,5,4,6,8
5,8,7,6,2,4,9,3,1
3,5,8,2,7,1,6,9,4
1,2,6,4,3,9,8,7,5
7,4,9,8,5,6,2,1,3
4,7,2,9,1,8,3,5,6
8,3,1,5,6,2,7,4,9
9,6,5,3,4,7,1,8,2


A1-1,Easy-NYTimes,unsolved
nback: 260	ntrials: 866
time: 0.024143218994140625s
6,9,4,1,8,3,5,2,7
2,1,3,7,9,5,4,6,8
5,8,7,6,2,4,9,3,1
3,5,8,2,7,1,6,9,4
1,2,6,4,3,9,8,7,5
7,4,9,8,5,6,2,1,3
4,7,2,9,1,8,3,5,6
8,3,1,5,6,2,7,4,9
9,6,5,3,4,7,1,8,2


A1-1,Easy-NYTimes,unsolved
nback: 260	ntrials: 866
time: 0.015336751937866211s
6,9,4,1,8,3,5,2,7
2,1,3,7,9,5,4,6,8
5,8,7,6,2,4,9,3,1
3,5,8,2,7,1,6,9,4
1,2,6,4,3,9,8,7,5
7,4,9,8,5,6,2,1,3
4,7,2,9,1,8,3,5,6
8,3,1,5,6,2,7,4,9
9,6,5,3,4,7,1,8,2


A1-1,Easy-NYTimes,unsolved
nback: 260	ntrials: 866
time: 0.023916006088256836s
6,9,4,1,8,3,5,2,7
2,1,3,7,9,5,4,6,8
5,8,7,6,2,4,9,3,1
3,5,8,2,7,1,6,9,4
1,2,6,4,3,9,8,7,5
7,4,9,8,5,6,2,1,3
4,7,2,9,1,8,3,5,6
8,3,1,5,6,2,7,4,9
9,6,5,3,4,7,1,8,2


A1-1,Easy-NYTimes,unsolved
nback: 260	ntrials: 866
time: 0.026349782943725586s
6,9,4,1,8,3,5,2,7
2,1,3,7,9,5,4,6,8
5,8,7,6,2,4,9,3,1
3,5,8,2,7,1,6,9,4
1,2,6,4,3,9,8,7,5
7,4,9,8,5,6,2,1,3
4,7,2,9,1,8,3,5,6
8,3,1,5,6,2,7,4,9
9,6,5,3,4,7,1,8,2


A1-1,Easy-NYTimes,unsolved
nback: 260	ntrials: 866
time: 0.03661680221557617s
6,9,4,1,8,3,5,2,7
2,1,3,7,9,5,4,6,8
5,8,7,6,2,4,9,3,1
3,5,8,2,7,1,6,9,4
1,2,6,4,3,9,8,7,5
7,4,9,8,5,6,2,1,3
4,7,2,9,1,8,3,5,6
8,3,1,5,6,2,7,4,9
9,6,5,3,4,7,1,8,2


